2452125.67797 18.576 0.077
2452129.73066 18.701 0.052
2452132.67366 18.516 0.053
2452136.57709 18.470 0.061
2452141.59222 18.692 0.054
2452144.67555 18.621 0.054
2452160.63158 18.523 0.063
2452170.57250 18.526 0.049
2452211.53652 18.626 0.093
2452333.87310 18.615 0.057
2452344.83443 18.555 0.053
2452355.88525 18.622 0.052
2452364.87688 18.629 0.064
2452372.88866 18.653 0.059
2452384.82360 18.643 0.048
2452388.82277 18.596 0.053
2452390.86077 18.546 0.059
2452393.85495 18.527 0.104
2452400.80224 18.687 0.062
2452402.90893 18.663 0.066
2452406.85173 18.502 0.057
2452414.87438 18.727 0.067
2452416.88999 18.543 0.066
2452424.74861 18.652 0.067
2452428.73383 18.680 0.053
2452432.88536 18.486 0.079
2452434.77338 18.595 0.052
2452436.82132 18.593 0.056
2452438.79499 18.678 0.057
2452441.75730 18.626 0.056
2452445.67417 18.548 0.050
2452448.69420 18.539 0.052
2452454.79065 18.363 0.062
2452459.68581 18.836 0.058
2452460.70387 18.588 0.065
2452463.58512 18.624 0.045
2452466.60490 18.563 0.047
2452468.73120 18.613 0.043
2452470.71494 18.549 0.045
2452472.74535 18.673 0.056
2452481.60173 18.622 0.077
2452484.66504 18.569 0.061
2452486.75774 18.404 0.073
2452490.74094 18.480 0.078
2452496.53168 18.554 0.044
2452498.55229 18.524 0.037
2452500.59574 18.655 0.051
2452502.60935 18.727 0.058
2452508.70756 18.503 0.070
2452517.55846 18.544 0.065
2452520.62593 18.527 0.052
2452529.49178 18.548 0.063
2452538.54343 18.717 0.068
2452542.57120 18.697 0.057
2452548.49971 18.466 0.069
2452552.53602 18.377 0.058
2452557.50120 18.602 0.064
2452564.52261 18.552 0.063
2452708.85013 18.696 0.049
2452719.85581 18.573 0.061
2452729.87783 18.602 0.064
2452734.81679 18.711 0.048
2452747.74141 18.650 0.096
2452753.92643 18.596 0.071
2452757.85255 18.605 0.063
2452761.90136 18.619 0.057
2452767.84833 18.489 0.064
2452775.76517 18.487 0.073
2452782.68652 18.200 0.055
2452782.70091 18.175 0.045
2452784.60917 18.079 0.034
2452786.82718 17.744 0.028
2452788.63909 17.080 0.015
2452790.74352 17.718 0.025
2452793.65701 17.941 0.036
2452793.85327 16.110 0.009
2452793.86462 15.904 0.007
2452793.88164 15.696 0.006
2452793.88526 15.656 0.005
2452793.89568 15.613 0.005
2452793.90492 15.550 0.005
2452793.91355 15.522 0.005
2452793.92231 15.536 0.006
2452793.93144 15.571 0.006
2452793.93766 15.603 0.006
2452793.94371 15.668 0.009
2452793.95112 15.792 0.011
2452794.54063 16.919 0.022
2452794.56035 16.869 0.023
2452794.57162 16.907 0.025
2452794.58339 16.961 0.019
2452794.59339 16.951 0.019
2452794.60212 16.964 0.018
2452794.61049 16.935 0.019
2452794.63441 16.960 0.016
2452794.70248 16.999 0.016
2452794.76567 17.013 0.017
2452794.93062 17.100 0.020
2452795.63111 17.246 0.015
2452795.66892 17.235 0.014
2452795.72439 17.194 0.016
2452796.55591 17.097 0.015
2452796.68089 16.929 0.012
2452796.79845 16.339 0.009
2452796.82250 16.527 0.010
2452796.85330 17.132 0.014
2452796.86727 17.668 0.022
2452796.87462 17.960 0.032
2452796.88057 17.951 0.032
2452796.88671 17.969 0.031
2452796.89283 17.963 0.032
2452796.90221 17.921 0.031
2452796.91151 17.963 0.033
2452796.92039 18.039 0.033
2452796.94036 17.948 0.036
2452797.56578 18.080 0.036
2452797.64306 18.032 0.027
2452797.84594 17.986 0.027
2452802.57117 18.353 0.068
2452802.73544 18.213 0.052
2452808.79693 18.329 0.055
2452809.75800 18.404 0.054
2452811.68512 18.481 0.058
2452812.81444 18.450 0.061
2452813.85823 18.552 0.054
2452815.83887 18.464 0.047
2452816.85986 18.524 0.055
2452818.62954 18.452 0.048
2452819.80605 18.614 0.056
2452821.69191 18.567 0.054
2452826.79831 18.310 0.071
2452835.67732 18.568 0.062
2452837.68506 18.715 0.102
2452838.82081 18.677 0.102
2452840.73813 18.648 0.069
2452843.68941 18.588 0.057
2452845.68677 18.576 0.054
2452846.50841 18.400 0.082
2452850.57566 18.669 0.049
2452852.58341 18.337 0.075
2452854.58785 18.640 0.061
2452857.49810 18.613 0.061
2452858.71046 18.769 0.075
2452859.57095 18.491 0.074
2452862.65755 18.504 0.073
2452866.60703 18.658 0.072
2452868.70887 18.717 0.061
2452871.62714 18.642 0.052
2452877.52907 18.543 0.060
2452883.62372 18.620 0.055
2452892.55004 18.618 0.068
2452895.61565 18.716 0.059
2452900.62732 18.564 0.064
2452905.62644 18.597 0.071
2452909.63576 18.862 0.081
2452920.55069 18.673 0.099
2452931.54751 18.663 0.055
2453052.85736 18.542 0.048
2453059.83029 18.570 0.053
2453064.84717 18.575 0.070
2453068.80096 18.466 0.065
2453070.87962 18.558 0.057
2453073.83570 18.684 0.055
2453075.87380 18.540 0.048
2453080.77802 18.430 0.049
2453082.90585 18.570 0.050
2453085.83628 18.709 0.057
2453086.91091 18.551 0.049
2453088.82891 18.660 0.045
2453090.74198 18.625 0.045
2453096.89717 18.459 0.062
2453099.79287 18.821 0.066
2453101.76911 18.670 0.069
2453103.80208 18.651 0.053
2453106.87399 18.563 0.061
2453108.79451 18.705 0.048
2453109.85340 18.686 0.051
2453110.85983 18.574 0.054
2453112.84512 18.747 0.056
2453114.80974 18.815 0.056
2453116.89782 18.607 0.057
2453122.93574 18.603 0.098
2453125.90022 18.544 0.069
2453127.84443 18.482 0.056
2453128.84634 18.687 0.068
2453130.72683 18.636 0.061
2453131.69331 18.573 0.062
2453135.92492 18.553 0.052
2453138.67921 18.607 0.057
2453139.90441 18.753 0.062
2453140.90862 18.604 0.056
2453142.79302 18.611 0.049
2453144.81301 18.656 0.051
2453146.84633 18.645 0.061
2453151.77591 18.534 0.057
2453151.93363 18.608 0.069
2453152.78153 18.592 0.054
2453153.78422 18.574 0.066
2453154.86971 18.503 0.062
2453156.88927 18.488 0.055
2453162.59910 18.445 0.058
2453163.78007 18.622 0.057
2453164.76230 18.705 0.062
2453164.89530 18.559 0.075
2453165.73589 18.585 0.043
2453167.62226 18.451 0.072
2453167.80001 18.518 0.056
2453167.86256 18.655 0.061
2453168.53038 18.520 0.070
2453168.58428 18.674 0.050
2453168.69466 18.589 0.056
2453168.79118 18.644 0.056
2453168.91914 18.800 0.075
2453169.52892 18.609 0.055
2453169.58627 18.771 0.053
2453169.68699 18.696 0.058
2453169.79938 18.585 0.061
2453169.89546 18.864 0.079
2453170.58519 18.828 0.053
2453170.75965 18.620 0.048
2453170.83703 18.613 0.045
2453170.89729 18.565 0.056
2453171.53108 18.531 0.047
2453171.63617 18.739 0.053
2453171.73992 18.794 0.054
2453171.83782 18.701 0.047
2453172.53038 18.611 0.055
2453172.73676 18.460 0.038
2453173.75752 18.482 0.056
2453173.87723 18.676 0.090
2453174.50977 18.539 0.056
2453174.73602 18.611 0.044
2453174.83742 18.598 0.048
2453175.53852 18.521 0.061
2453175.74480 18.601 0.051
2453176.53304 18.499 0.080
2453176.69016 18.515 0.060
2453177.69308 18.425 0.073
2453177.78526 18.727 0.088
2453178.54950 18.570 0.061
2453179.53001 18.615 0.051
2453179.90925 18.671 0.067
2453180.75101 18.626 0.046
2453182.81168 18.620 0.053
2453183.76662 18.467 0.051
2453184.72776 18.782 0.055
2453185.73121 18.776 0.065
2453193.56263 18.584 0.052
2453194.57425 18.586 0.066
2453195.70581 18.602 0.047
2453195.82635 18.626 0.051
2453196.62725 18.726 0.052
2453197.55200 18.532 0.050
2453197.85541 18.499 0.078
2453199.64984 18.736 0.052
2453202.54347 18.605 0.055
2453203.68854 18.804 0.052
2453204.67946 18.670 0.049
2453205.53831 18.594 0.045
2453206.74368 18.769 0.057
2453209.66366 18.449 0.050
2453210.66372 18.656 0.046
2453211.63416 18.694 0.061
2453217.67837 18.561 0.055
2453218.67669 18.707 0.078
2453219.64184 18.594 0.067
2453223.67791 18.552 0.068
2453224.72595 18.794 0.068
2453226.64961 18.357 0.055
2453228.62716 18.534 0.052
2453229.65966 18.687 0.050
2453230.69314 18.494 0.048
2453231.59715 18.518 0.050
2453232.63360 18.436 0.058
2453238.64543 18.450 0.059
2453240.49759 18.673 0.056
2453245.58146 18.357 0.072
2453246.68715 18.675 0.079
2453247.60629 18.718 0.072
2453249.55381 18.594 0.057
2453250.68477 18.642 0.072
2453256.66404 18.469 0.057
2453260.57380 18.683 0.058
2453265.50420 18.463 0.060
2453267.55787 18.909 0.076
2453272.61583 18.856 0.078
2453279.54675 18.509 0.059
2453282.50523 18.504 0.050
2453288.57159 18.733 0.054
2453293.54218 18.563 0.039
2453295.55071 18.450 0.034
2453300.53601 18.431 0.064
2453305.55791 18.698 0.080
2453308.53321 18.461 0.077
2453315.50481 18.532 0.083
2453417.88062 18.645 0.040
2453422.89757 18.911 0.066
2453426.88870 18.505 0.044
2453429.87368 18.511 0.046
2453436.83177 18.407 0.059
2453442.91652 18.706 0.076
2453445.82954 18.636 0.043
2453447.87988 18.543 0.044
2453449.89681 18.608 0.044
2453452.91396 18.587 0.045
2453453.78580 18.724 0.068
2453455.85643 18.649 0.068
2453456.86750 18.664 0.046
2453457.78516 18.661 0.050
2453458.82874 18.696 0.052
2453459.80331 18.715 0.060
2453469.81574 18.712 0.042
2453470.85595 18.559 0.038
2453472.78715 18.478 0.037
2453473.88213 18.678 0.058
2453474.85452 18.638 0.050
2453475.91833 18.656 0.042
2453477.79107 18.596 0.050
2453480.85733 18.490 0.048
2453481.86136 18.589 0.039
2453483.80162 18.616 0.045
2453496.75548 18.497 0.046
2453497.82447 18.628 0.054
2453499.75191 18.767 0.049
2453500.75649 18.472 0.044
2453501.87006 18.916 0.061
2453502.70499 18.606 0.041
2453503.71564 18.652 0.044
2453504.73003 18.566 0.050
2453506.83502 18.515 0.060
2453508.81220 18.611 0.055
2453509.71528 18.552 0.044
2453511.70196 18.553 0.052
2453512.77092 18.440 0.046
2453517.81137 18.543 0.050
2453520.84654 18.611 0.052
2453521.66574 18.661 0.047
2453522.77593 18.722 0.053
2453523.81065 18.761 0.052
2453524.79829 18.572 0.055
2453525.77798 18.552 0.042
2453526.86337 18.526 0.047
2453528.58195 18.708 0.050
2453530.80734 18.701 0.043
2453537.77516 18.746 0.052
2453538.70466 18.606 0.042
2453540.67860 18.645 0.047
2453544.75858 18.657 0.060
2453546.87958 18.561 0.061
2453547.83699 18.612 0.062
2453550.66346 18.765 0.044
2453551.66814 18.696 0.034
2453552.70026 18.551 0.044
2453553.70295 18.634 0.068
2453554.69508 18.458 0.049
2453555.72922 18.606 0.050
2453556.74989 18.669 0.056
2453558.58569 18.482 0.040
2453559.68159 18.790 0.054
2453560.63472 18.713 0.043
2453560.72677 18.606 0.044
2453560.76311 18.645 0.047
2453560.79227 18.671 0.041
2453560.81555 18.567 0.046
2453560.84105 18.642 0.054
2453561.47648 18.549 0.074
2453561.63091 18.602 0.043
2453561.75009 18.781 0.047
2453561.78009 18.658 0.045
2453561.84212 18.691 0.053
2453562.45994 18.652 0.078
2453562.52576 18.735 0.047
2453562.57649 18.595 0.044
2453562.61917 18.649 0.055
2453562.68083 18.505 0.043
2453562.73188 18.647 0.047
2453562.78939 18.692 0.051
2453562.84199 18.698 0.056
2453563.47102 18.471 0.061
2453563.58013 18.743 0.043
2453563.74665 18.607 0.053
2453563.81802 18.497 0.060
2453564.51139 18.283 0.060
2453564.63543 18.709 0.048
2453564.78897 18.608 0.061
2453565.48809 18.656 0.084
2453568.80493 18.490 0.052
2453569.48661 18.522 0.072
2453569.52491 18.764 0.091
2453573.68951 18.444 0.051
2453573.71648 18.590 0.056
2453574.71748 18.575 0.049
2453575.65635 18.692 0.047
2453576.71880 18.638 0.058
2453577.76713 18.582 0.050
2453578.70378 18.667 0.044
2453579.64908 18.656 0.047
2453580.68561 18.655 0.055
2453581.70199 18.605 0.044
2453582.62780 18.631 0.045
2453583.66442 18.686 0.052
2453584.67316 18.567 0.047
2453585.67119 18.630 0.042
2453586.70260 18.709 0.043
2453588.75367 18.584 0.050
2453589.71500 18.578 0.051
2453590.71113 18.689 0.052
2453592.68385 18.621 0.042
2453597.67421 18.531 0.066
2453601.68744 18.660 0.054
2453602.68759 18.756 0.066
2453603.66774 18.760 0.056
2453607.66625 18.625 0.052
2453608.68220 18.676 0.050
2453615.60950 18.599 0.046
2453618.61300 18.566 0.050
2453620.57623 18.715 0.045
2453628.57827 18.647 0.061
2453630.59231 18.620 0.059
2453632.61978 18.338 0.061
2453634.52316 18.816 0.053
2453639.53020 18.663 0.042
2453641.57573 18.490 0.053
2453644.54054 18.453 0.042
2453649.52992 18.548 0.049
2453651.58201 18.420 0.055
2453654.56708 18.596 0.081
2453655.54719 18.740 0.058
2453659.54215 18.515 0.073
2453662.54664 18.401 0.065
2453665.51715 18.393 0.052
2453672.51844 18.220 0.060
2453777.85183 18.675 0.065
2453782.88781 18.594 0.044
2453785.84945 18.705 0.053
2453787.87015 18.750 0.051
2453791.84453 18.571 0.067