2452115.78469 19.130 0.082
2452128.63809 19.044 0.057
2452131.66757 19.111 0.096
2452135.51726 19.047 0.061
2452138.67138 19.068 0.088
2452143.58442 18.969 0.087
2452162.58569 19.106 0.079
2452170.49213 19.051 0.069
2452173.56524 19.067 0.115
2452183.50180 19.010 0.105
2452184.56512 19.120 0.148
2452324.89115 19.035 0.107
2452341.88333 19.332 0.104
2452350.90050 19.107 0.064
2452359.86082 19.004 0.063
2452370.90182 19.206 0.097
2452384.73926 19.297 0.088
2452390.71190 18.938 0.102
2452397.92196 19.087 0.089
2452401.67262 19.213 0.086
2452403.73370 19.068 0.057
2452405.66982 19.171 0.086
2452415.67161 19.018 0.113
2452417.73326 19.028 0.074
2452425.63233 19.272 0.156
2452433.65794 18.986 0.062
2452435.77688 19.264 0.072
2452437.66949 18.872 0.110
2452439.60007 19.111 0.065
2452441.60870 19.175 0.070
2452444.59654 19.067 0.076
2452446.60830 19.233 0.084
2452452.58986 19.141 0.108
2452458.70962 19.138 0.078
2452462.69529 19.286 0.063
2452464.51090 19.131 0.084
2452466.83140 19.121 0.122
2452468.54180 19.194 0.068
2452470.55175 19.173 0.090
2452474.69447 19.054 0.066
2452483.48927 19.074 0.063
2452485.68568 18.906 0.102
2452489.75491 19.345 0.135
2452492.70308 19.265 0.114
2452495.49580 19.102 0.088
2452497.55633 19.160 0.070
2452499.59385 19.159 0.066
2452501.61988 19.058 0.063
2452511.60020 19.128 0.111
2452518.55077 19.078 0.066
2452521.54693 19.059 0.075
2452529.66730 19.209 0.092
2452537.53777 18.888 0.105
2452540.55000 19.359 0.128
2452545.55338 19.252 0.106
2452550.53892 19.280 0.104
2452555.50118 18.957 0.092
2452560.57692 19.205 0.154
2452566.55409 19.282 0.139
2452700.88197 18.939 0.067
2452712.85269 19.120 0.095
2452727.82152 19.014 0.052
2452732.83528 19.212 0.086
2452743.82707 19.116 0.062
2452748.84642 19.179 0.095
2452755.84616 19.056 0.062
2452759.83516 19.078 0.071
2452765.86732 19.076 0.064
2452769.90852 19.298 0.094
2452782.77714 18.943 0.083
2452784.77113 19.139 0.064
2452786.66446 18.945 0.078
2452788.76825 19.085 0.052
2452790.85292 19.151 0.076
2452793.55948 19.167 0.156
2452795.58414 19.293 0.076
2452797.57193 19.092 0.072
2452802.64320 18.831 0.070
2452808.68745 18.915 0.097
2452810.61433 19.219 0.099
2452812.58878 19.079 0.071
2452814.58842 19.221 0.084
2452815.62322 19.232 0.090
2452817.65372 18.957 0.082
2452819.54168 19.225 0.089
2452821.51915 19.016 0.099
2452830.56194 18.996 0.083
2452835.49814 19.004 0.095
2452836.62992 18.938 0.134
2452838.62029 19.058 0.069
2452840.54174 19.141 0.085
2452842.59540 19.160 0.076
2452844.65534 19.145 0.075
2452849.47744 18.954 0.076
2452851.58823 19.254 0.087
2452853.59911 19.251 0.081
2452855.64884 18.999 0.102
2452857.77436 19.083 0.096
2452860.61723 19.149 0.105
2452863.70452 19.171 0.124
2452867.55780 18.897 0.075
2452870.63120 19.023 0.068
2452872.68171 19.149 0.064
2452876.62681 19.088 0.077
2452879.56307 19.159 0.071
2452884.59053 19.127 0.068
2452897.66167 19.071 0.104
2452901.59873 18.991 0.091
2452906.62140 19.074 0.093
2452910.61389 19.227 0.129
2452912.60044 18.987 0.083
2452923.58041 19.282 0.117
2452933.57454 19.019 0.083
2453047.86611 19.136 0.086
2453056.87365 19.200 0.092
2453060.89314 19.253 0.082
2453066.88653 19.104 0.065
2453069.83914 19.156 0.084
2453071.84675 19.164 0.085
2453074.83434 19.057 0.067
2453078.88116 19.041 0.090
2453081.77445 19.115 0.083
2453083.89990 19.200 0.061
2453085.91623 19.253 0.089
2453087.91538 19.152 0.089
2453088.73113 19.008 0.063
2453090.82971 19.148 0.065
2453097.76853 18.949 0.074
2453099.76285 18.960 0.084
2453101.70431 19.190 0.160
2453103.70713 19.254 0.149
2453105.76651 18.994 0.177
2453107.84752 19.192 0.090
2453109.68484 18.970 0.070
2453110.69546 18.896 0.082
2453112.69595 19.274 0.098
2453113.73914 19.085 0.051
2453114.91340 19.110 0.062
2453115.73283 19.010 0.058
2453118.71417 19.196 0.108
2453122.74740 19.067 0.081
2453124.92393 19.049 0.089
2453126.66294 19.213 0.081
2453127.66499 18.993 0.085
2453128.68341 19.093 0.074
2453129.66281 19.045 0.089
2453130.82528 19.046 0.092
2453131.82473 19.306 0.137
2453134.63207 19.152 0.117
2453135.69834 19.251 0.092
2453138.89543 19.083 0.082
2453139.69421 19.218 0.076
2453140.66168 19.023 0.068
2453141.82535 19.040 0.065
2453144.65761 19.219 0.086
2453145.72544 19.142 0.098
2453147.81905 19.200 0.085
2453152.62330 19.070 0.072
2453153.62469 19.035 0.084
2453153.91168 19.281 0.107
2453154.70093 19.070 0.087
2453156.60907 18.934 0.079
2453158.64952 19.245 0.112
2453162.66666 19.199 0.082
2453163.58490 19.066 0.067
2453163.90629 19.207 0.104
2453164.57833 19.109 0.067
2453165.57802 18.979 0.069
2453166.78891 18.890 0.090
2453167.80360 19.190 0.091
2453168.61915 19.141 0.069
2453169.58945 19.118 0.064
2453170.68435 19.055 0.056
2453171.60229 19.025 0.062
2453172.59202 19.088 0.057
2453174.57802 19.060 0.065
2453174.89715 19.193 0.084
2453175.57925 19.020 0.059
2453179.66551 19.113 0.061
2453180.54004 19.174 0.085
2453182.57444 18.879 0.077
2453182.61365 19.212 0.095
2453183.54718 19.110 0.072
2453183.57731 19.055 0.055
2453184.55733 19.101 0.078
2453184.82415 19.336 0.093
2453185.64099 19.009 0.056
2453191.85668 19.220 0.108
2453193.72827 19.269 0.083
2453194.70375 19.255 0.080
2453195.51255 18.937 0.066
2453196.51091 18.936 0.103
2453197.74664 19.181 0.072
2453199.54660 19.151 0.093
2453202.60647 19.001 0.103
2453203.55051 19.154 0.057
2453205.54703 19.169 0.073
2453206.52905 19.081 0.053
2453207.53208 19.089 0.090
2453211.51841 19.068 0.077
2453212.51344 18.869 0.088
2453217.52393 18.931 0.061
2453218.52130 19.208 0.112
2453223.51271 19.105 0.081
2453224.52813 19.193 0.069
2453226.48306 18.995 0.088
2453229.49163 19.013 0.061
2453230.53162 19.083 0.062
2453239.64022 19.038 0.079
2453241.52762 18.938 0.110
2453246.52831 19.067 0.090
2453248.53593 19.123 0.093
2453250.52085 19.105 0.079
2453251.66455 19.000 0.080
2453254.52314 19.122 0.100
2453257.66063 19.031 0.068
2453262.50425 18.813 0.081
2453266.48564 18.880 0.093
2453268.50882 19.118 0.082
2453270.55237 19.217 0.165
2453273.57079 19.039 0.111
2453277.56115 19.053 0.087
2453279.55574 19.004 0.082
2453285.47870 18.822 0.138
2453287.47996 19.063 0.127
2453291.53848 19.342 0.125
2453431.87797 18.576 0.047
2453438.87615 18.473 0.044
2453444.81279 18.247 0.027
2453446.83776 18.228 0.037
2453448.86741 18.204 0.025
2453450.90641 18.195 0.026
2453454.81326 17.911 0.048
2453456.82087 17.943 0.026
2453467.75922 17.380 0.018
2453469.89476 17.226 0.011
2453471.77145 16.984 0.016
2453473.92545 16.732 0.011
2453477.88469 15.800 0.005
2453478.71364 15.332 0.004
2453478.74871 15.303 0.003
2453478.80519 15.258 0.003
2453478.85450 15.202 0.003
2453478.88480 15.162 0.003
2453479.73217 15.688 0.004
2453479.74471 15.695 0.004
2453479.74874 15.703 0.004
2453479.77576 15.697 0.004
2453479.80175 15.689 0.004
2453479.82857 15.702 0.004
2453479.85953 15.702 0.004
2453479.88944 15.697 0.004
2453479.92755 15.685 0.004
2453480.68349 15.621 0.004
2453480.70993 15.612 0.004
2453480.73878 15.617 0.004
2453480.80626 15.610 0.004
2453480.84008 15.627 0.004
2453480.87422 15.628 0.004
2453480.92672 15.612 0.004
2453481.67365 15.535 0.005
2453481.72792 15.483 0.004
2453481.75400 15.439 0.004
2453481.78037 15.392 0.003
2453481.80090 15.353 0.003
2453481.82187 15.291 0.003
2453481.83679 15.250 0.003
2453481.85214 15.202 0.003
2453481.86802 15.166 0.003
2453481.88676 15.091 0.003
2453481.89954 15.056 0.003
2453481.91101 15.026 0.003
2453481.92245 14.987 0.003
2453481.93137 14.962 0.003
2453481.93428 14.946 0.003
2453482.67020 15.485 0.004
2453482.68206 15.494 0.004
2453482.71045 15.514 0.004
2453482.82251 15.581 0.004
2453482.84869 15.581 0.004
2453482.90738 15.624 0.004
2453482.92881 15.632 0.004
2453483.67386 15.915 0.005
2453483.77505 15.950 0.005
2453483.83617 15.996 0.006
2453483.88772 15.994 0.006
2453484.67584 16.211 0.010
2453484.71331 16.210 0.010
2453484.85608 16.226 0.007
2453486.71030 16.640 0.011
2453487.77727 16.868 0.038
2453489.73344 17.083 0.040
2453490.80250 17.176 0.014
2453491.81200 17.296 0.013
2453491.90582 17.308 0.013
2453492.80402 17.379 0.017
2453496.73490 17.694 0.021
2453496.81588 17.655 0.020
2453496.92445 17.643 0.027
2453497.71231 17.758 0.024
2453497.80534 17.697 0.021
2453498.88530 17.775 0.023
2453499.66961 17.798 0.024
2453499.84384 17.840 0.019
2453500.80706 17.895 0.022
2453500.92533 17.950 0.026
2453501.67662 17.894 0.028
2453501.79782 17.970 0.021
2453502.64063 17.994 0.026
2453502.77917 17.999 0.023
2453502.93698 17.975 0.028
2453503.64649 18.007 0.024
2453503.80676 18.034 0.023
2453504.66292 18.040 0.033
2453504.81078 18.055 0.024
2453506.73808 18.187 0.029
2453506.84574 18.223 0.038
2453506.87582 18.174 0.030
2453508.73915 18.206 0.033
2453508.82649 18.234 0.033
2453509.63411 18.177 0.032
2453509.77359 18.283 0.027
2453509.85082 18.238 0.024
2453510.77938 18.315 0.033
2453510.87790 18.286 0.027
2453511.67506 18.321 0.034
2453511.78822 18.312 0.028
2453512.69612 18.293 0.039
2453512.81424 18.232 0.038
2453512.85601 18.295 0.037
2453517.78192 18.429 0.074
2453517.84923 18.364 0.039
2453520.62704 18.443 0.043
2453520.80297 18.450 0.037
2453521.73302 18.523 0.033
2453521.84674 18.527 0.043
2453522.61718 18.517 0.034
2453522.73219 18.516 0.029
2453523.68083 18.582 0.042
2453523.85573 18.593 0.049
2453524.76092 18.632 0.043
2453524.81739 18.613 0.045
2453524.87467 18.573 0.048
2453525.65564 18.602 0.040
2453525.73516 18.536 0.036
2453525.84307 18.594 0.036
2453526.73888 18.696 0.041
2453526.82033 18.748 0.043
2453526.87391 18.702 0.049
2453527.72094 18.707 0.036
2453527.81760 18.544 0.050
2453528.59279 18.600 0.040
2453528.65964 18.599 0.039
2453528.74120 18.600 0.045
2453529.63391 18.669 0.037
2453529.86029 18.760 0.046
2453530.59567 18.614 0.037
2453530.68198 18.685 0.034
2453530.74029 18.684 0.035
2453530.78025 18.687 0.033
2453537.75667 18.791 0.047
2453538.62165 18.924 0.054
2453538.68337 18.723 0.042
2453538.74022 19.011 0.048
2453538.81106 18.726 0.050
2453539.74726 18.861 0.053
2453540.68826 18.830 0.051
2453541.80368 18.774 0.053
2453541.84271 18.701 0.050
2453547.77583 18.800 0.054
2453550.67335 18.715 0.039
2453550.72595 18.726 0.040
2453551.70237 18.895 0.040
2453552.70984 18.914 0.047
2453553.68475 18.902 0.061
2453554.76746 18.898 0.058
2453555.71959 18.946 0.063
2453556.64754 18.871 0.048
2453558.54660 18.999 0.071
2453559.57515 19.010 0.083
2453560.55592 18.936 0.057
2453561.60451 18.957 0.054
2453562.62900 18.852 0.055
2453562.79677 18.835 0.050
2453563.68165 18.983 0.056
2453568.79724 18.795 0.059
2453569.75543 18.959 0.070
2453573.65826 18.863 0.069
2453574.51423 18.927 0.061
2453575.74096 18.949 0.058
2453576.47772 18.825 0.054
2453577.53357 18.862 0.047
2453578.48293 19.055 0.060
2453579.53787 19.013 0.050
2453580.50465 18.999 0.055
2453581.51097 18.978 0.060
2453582.49317 19.115 0.071
2453583.67387 19.040 0.060
2453584.49537 19.042 0.067
2453585.48624 19.034 0.057
2453586.47348 19.000 0.070
2453587.65586 18.889 0.068
2453589.48192 19.084 0.060
2453590.52574 18.987 0.050
2453591.53609 18.964 0.043
2453592.61022 18.990 0.051
2453593.63379 19.002 0.053
2453594.72552 19.000 0.067
2453601.50220 19.048 0.071
2453602.66064 19.220 0.085
2453603.53794 19.073 0.071
2453604.47943 19.010 0.076
2453607.50266 19.058 0.054
2453608.58104 18.950 0.065
2453617.54965 19.079 0.072
2453618.52260 19.128 0.065
2453619.49579 19.023 0.064
2453620.50622 19.027 0.057
2453622.48558 19.170 0.085
2453628.55742 18.968 0.073
2453629.50460 19.079 0.060
2453631.54422 18.967 0.083
2453632.57454 19.046 0.080
2453634.50469 19.013 0.065
2453639.51066 19.036 0.047
2453644.52220 19.076 0.065
2453649.52586 19.053 0.059
2453650.52854 19.111 0.076
2453651.53315 19.151 0.086
2453655.49980 18.950 0.069
2453656.57284 19.009 0.091
2453660.56718 18.980 0.097
2453665.49943 19.062 0.087
2453666.50313 19.193 0.088
2453774.84921 19.142 0.080
2453777.83387 19.057 0.091
2453778.83521 19.072 0.086
2453782.86963 19.129 0.068
2453783.87165 19.198 0.058
2453785.85973 19.053 0.061
2453786.88935 19.118 0.079
2453790.85988 19.178 0.091