2455265.81414 16.859 0.008 4.12 340.0
2455266.79771 16.884 0.009 4.58 383.0
2455267.78850 16.867 0.008 3.99 330.0
2455268.82794 16.857 0.008 3.88 325.0
2455269.77413 16.861 0.008 4.02 361.0
2455270.76320 16.855 0.009 4.20 343.0
2455271.84554 16.861 0.008 3.54 365.0
2455272.75947 16.855 0.010 6.19 368.0
2455273.81846 16.868 0.008 3.87 293.0
2455274.78426 16.822 0.009 5.15 347.0
2455275.83109 16.876 0.009 4.41 359.0
2455276.76584 16.859 0.009 4.44 330.0
2455276.89329 16.859 0.008 3.86 303.0
2455277.80224 16.862 0.009 4.72 328.0
2455278.77384 16.857 0.010 6.40 354.0
2455279.78150 16.861 0.010 5.88 349.0
2455280.86493 16.856 0.008 3.68 344.0
2455281.76804 16.867 0.009 4.41 435.0
2455281.90283 16.844 0.008 3.17 352.0
2455282.78044 16.851 0.010 4.49 495.0
2455283.73120 16.872 0.013 6.48 615.0
2455284.88367 16.859 0.010 5.06 471.0
2455285.73258 16.856 0.012 5.69 928.0
2455286.73700 16.846 0.010 3.62 812.0
2455287.74613 16.849 0.010 4.73 703.0
2455288.72267 16.859 0.010 4.01 849.0
2455292.79030 16.856 0.010 4.62 726.0
2455293.80109 16.872 0.009 4.56 334.0
2455295.84498 16.862 0.008 3.63 274.0
2455297.92032 16.864 0.009 3.84 473.0
2455300.86180 16.843 0.008 3.64 309.0
2455304.78090 16.876 0.009 5.36 397.0
2455307.80372 16.848 0.008 3.59 346.0
2455309.84311 16.865 0.009 4.42 308.0
2455312.72101 16.865 0.011 6.02 488.0
2455314.68898 16.851 0.013 5.55 943.0
2455315.82976 16.874 0.012 5.19 878.0
2455319.83214 16.849 0.009 3.90 668.0
2455321.66628 16.872 0.012 6.64 505.0
2455324.73902 16.850 0.009 4.89 338.0
2455325.85436 16.871 0.009 4.72 372.0
2455327.69522 16.869 0.008 4.47 278.0
2455328.85179 16.875 0.009 4.68 357.0
2455335.76535 16.861 0.008 3.77 333.0
2455337.86620 16.852 0.010 5.47 504.0
2455339.91279 16.857 0.014 6.67 727.0
2455341.74911 16.881 0.010 4.90 516.0
2455342.80947 16.874 0.011 5.31 716.0
2455343.83780 16.843 0.012 4.76 1019.0
2455349.62208 16.847 0.013 6.64 721.0
2455352.64572 16.865 0.009 4.42 332.0
2455354.80649 16.849 0.009 4.16 422.0
2455358.75295 16.856 0.009 4.93 349.0
2455364.61758 16.858 0.008 3.74 312.0
2455376.66303 16.861 0.012 6.86 503.0
2455377.55316 16.864 0.009 4.98 401.0
2455379.62120 16.878 0.008 4.28 285.0
2455381.71861 16.872 0.010 5.90 366.0
2455385.52713 16.853 0.008 3.92 561.0
2455385.62661 16.871 0.008 4.83 387.0
2455385.72896 16.863 0.008 3.84 355.0
2455386.80159 16.870 0.008 4.57 312.0
2455390.57078 16.873 0.009 5.76 256.0
2455393.72201 16.859 0.011 6.98 275.0
2455402.65839 16.860 0.013 5.78 844.0
2455403.74538 16.851 0.011 4.68 908.0
2455407.68246 16.878 0.011 6.45 342.0
2455411.50635 16.876 0.008 4.76 259.0
2455418.54020 16.856 0.007 4.14 226.0
2455430.49363 16.882 0.011 4.83 596.0
2455435.68810 16.863 0.009 4.36 514.0
2455444.61237 16.866 0.010 5.86 345.0
2455450.52302 16.889 0.010 5.89 320.0
2455458.55293 16.867 0.012 6.56 517.0
2455461.56098 16.888 0.014 5.85 1209.0
2455468.56138 16.867 0.012 6.83 403.0
2455476.53925 16.862 0.010 5.15 423.0
2455483.51830 16.905 0.022 6.87 1992.0
2455486.50574 16.870 0.013 6.00 633.0
2455601.85602 16.846 0.010 6.37 342.0
2455604.85731 16.859 0.011 6.96 392.0
2455605.85344 16.856 0.008 5.18 376.0
2455606.85261 16.881 0.009 5.41 352.0
2455607.85659 16.883 0.009 5.58 361.0
2455608.84516 16.881 0.012 7.59 420.0
2455611.84323 16.852 0.012 6.61 610.0
2455612.85249 16.874 0.009 5.05 512.0
2455613.86053 16.853 0.011 5.99 542.0
2455615.84403 16.884 0.009 4.28 487.0
2455616.83815 16.858 0.011 6.24 566.0
2455621.82916 16.868 0.009 6.15 343.0
2455622.78471 16.888 0.010 6.37 351.0
2455624.77351 16.860 0.008 5.07 362.0
2455626.83235 16.851 0.009 5.80 327.0
2455628.77305 16.882 0.011 6.65 404.0
2455629.76897 16.875 0.010 6.41 313.0
2455631.83384 16.876 0.010 5.88 345.0
2455632.86299 16.876 0.008 4.77 287.0
2455633.76213 16.874 0.009 5.29 354.0
2455634.91376 16.860 0.015 5.52 1709.0
2455635.79315 16.885 0.011 7.21 436.0
2455637.77148 16.863 0.012 7.26 764.0
2455638.90350 16.881 0.008 5.47 318.0
2455639.77696 16.861 0.010 4.89 560.0
2455641.83100 16.855 0.009 4.59 488.0
2455641.86917 16.848 0.009 5.34 464.0
2455643.86204 16.859 0.008 3.64 562.0
2455647.74941 16.863 0.008 4.80 319.0
2455648.87385 16.867 0.008 5.13 284.0
2455650.79070 16.864 0.007 4.50 236.0
2455652.79993 16.872 0.007 4.19 239.0
2455654.89090 16.877 0.008 5.42 255.0
2455656.86051 16.879 0.008 4.86 287.0
2455658.86214 16.868 0.008 4.97 250.0
2455659.91201 16.891 0.008 4.31 274.0
2455662.83506 16.870 0.009 5.46 357.0
2455664.91038 16.869 0.008 4.49 298.0
2455667.91329 16.852 0.007 3.53 256.0
2455670.78042 16.845 0.009 4.56 672.0
2455676.68979 16.873 0.005 4.57 131.0
2455677.91003 16.851 0.007 4.15 319.0
2455680.80310 16.862 0.008 5.57 285.0
2455682.69265 16.879 0.010 5.90 411.0
2455684.65826 16.870 0.008 4.74 374.0
2455686.65927 16.885 0.009 6.22 339.0
2455687.85027 16.880 0.006 4.32 320.0
2455690.87195 16.860 0.011 7.02 436.0
2455692.77108 16.869 0.008 5.47 377.0
2455693.87146 16.864 0.009 4.67 507.0
2455695.63718 16.877 0.009 5.48 507.0
2455696.75939 16.874 0.009 5.25 411.0
2455697.84634 16.870 0.008 3.61 630.0
2455698.93035 16.875 0.017 7.41 1422.0
2455702.58457 16.883 0.014 7.27 732.0
2455702.76497 16.871 0.017 5.57 2290.0
2455706.74432 16.890 0.011 7.75 374.0
2455707.88516 16.888 0.011 6.55 510.0
2455713.82263 16.876 0.008 5.37 334.0
2455715.86484 16.866 0.009 6.71 337.0
2455721.76895 16.872 0.008 4.98 326.0
2455723.58892 16.879 0.009 4.42 398.0
2455724.72703 16.872 0.009 4.83 413.0
2455726.64167 16.877 0.011 5.05 923.0
2455735.82358 16.857 0.008 4.70 403.0
2455737.51195 16.862 0.009 5.45 403.0
2455738.62196 16.866 0.008 4.73 265.0
2455739.78269 16.843 0.008 5.45 322.0
2455740.87284 16.853 0.011 7.19 526.0
2455742.49688 16.853 0.011 5.37 609.0
2455743.63147 16.866 0.009 5.93 270.0
2455744.49086 16.856 0.012 6.98 822.0
2455744.63010 16.870 0.008 4.50 300.0
2455745.72895 16.864 0.009 5.47 296.0
2455747.61868 16.858 0.011 7.34 316.0
2455749.65737 16.854 0.009 6.08 286.0
2455753.50456 16.867 0.018 7.13 1636.0
2455757.50878 16.857 0.017 7.13 1361.0
2455760.49502 16.851 0.011 7.02 451.0
2455762.71032 16.860 0.009 5.33 328.0
2455764.51423 16.870 0.008 5.15 330.0
2455765.66510 16.864 0.008 4.21 401.0
2455767.48832 16.852 0.010 6.15 339.0
2455768.61987 16.865 0.008 4.74 308.0
2455769.75736 16.869 0.009 5.57 329.0
2455777.49703 16.861 0.008 4.45 369.0
2455779.68664 16.872 0.008 4.75 320.0
2455784.48540 16.879 0.013 4.62 1379.0
2455784.61657 16.862 0.009 4.36 594.0
2455786.49601 16.901 0.013 6.57 610.0
2455787.72402 16.861 0.011 6.87 728.0
2455790.63114 16.886 0.010 6.10 368.0
2455794.48070 16.870 0.011 7.58 318.0
2455796.57020 16.874 0.009 6.16 339.0
2455802.56619 16.899 0.010 6.77 305.0
2455805.59853 16.869 0.008 4.83 304.0
2455812.63630 16.870 0.013 6.22 683.0
2455816.48198 16.866 0.009 4.56 617.0
2455818.57342 16.889 0.011 6.16 502.0
2455823.56383 16.853 0.010 6.01 384.0
2455824.57086 16.849 0.008 5.06 323.0
2455825.57492 16.879 0.009 4.91 422.0
2455826.55987 16.848 0.010 6.03 388.0
2455828.52636 16.855 0.008 4.41 312.0
2455830.48851 16.860 0.008 4.59 361.0
2455832.51839 16.879 0.009 5.04 405.0
2455834.54062 16.871 0.008 6.28 343.0
2455839.52986 16.871 0.010 5.33 571.0
2455841.52961 16.870 0.012 6.13 614.0
2455843.52107 16.879 0.011 5.99 527.0
2455845.53275 16.871 0.014 7.27 657.0
2455851.49486 16.863 0.010 5.74 503.0
2455860.49987 16.906 0.013 5.91 744.0
2455959.87874 16.855 0.010 5.59 572.0
2455962.87139 16.858 0.009 6.09 374.0
2455963.89060 16.865 0.011 4.99 980.0
2455964.88605 16.870 0.013 6.64 853.0
2455968.89131 16.854 0.015 4.89 2165.0
2455979.82549 16.894 0.010 6.87 406.0
2455984.81369 16.858 0.009 6.10 338.0
2455987.80391 16.860 0.009 5.81 430.0
2455989.90073 16.871 0.010 5.76 425.0
2455992.84584 16.866 0.008 4.49 394.0
2455994.91191 16.875 0.010 3.76 1147.0
2455996.91482 16.860 0.010 3.35 1693.0
2455999.77656 16.878 0.010 5.25 685.0
2456002.76831 16.855 0.010 5.24 681.0
2456002.88965 16.855 0.009 4.34 611.0
2456004.83946 16.872 0.008 4.61 336.0
2456006.83100 16.863 0.007 3.74 255.0
2456008.76568 16.868 0.007 4.32 347.0
2456009.88827 16.869 0.007 4.10 314.0
2456011.80057 16.871 0.008 4.41 277.0
2456013.75805 16.881 0.008 5.22 264.0
2456014.87168 16.866 0.008 5.37 232.0
2456016.77092 16.861 0.007 4.24 284.0
2456017.88104 16.856 0.006 3.80 219.0
2456019.77681 16.873 0.008 5.45 270.0
2456020.85190 16.867 0.007 3.91 236.0
2456021.91668 16.862 0.008 4.28 376.0
2456023.74940 16.864 0.008 4.30 511.0
2456024.73263 16.898 0.009 4.61 603.0
2456032.75297 16.864 0.007 4.32 353.0
2456034.72492 16.855 0.007 4.37 280.0
2456037.71692 16.838 0.008 5.73 312.0
2456039.76148 16.854 0.009 6.44 310.0
2456041.80308 16.828 0.007 4.44 323.0
2456048.70201 16.814 0.008 4.95 363.0
2456049.90461 16.774 0.007 3.69 350.0
2456052.69699 16.807 0.009 4.80 604.0
2456053.83844 16.779 0.008 3.90 809.0
2456057.69347 16.719 0.007 4.74 421.0
2456057.85361 16.719 0.007 3.63 456.0
2456058.83745 16.703 0.008 5.57 356.0
2456059.83729 16.684 0.006 3.86 344.0
2456062.68600 16.638 0.007 4.90 372.0
2456063.93031 16.592 0.008 5.44 543.0
2456065.80443 16.530 0.006 4.40 384.0
2456067.62536 16.508 0.006 4.26 291.0
2456068.73174 16.448 0.005 4.58 247.0
2456069.89727 16.410 0.005 3.55 328.0
2456071.59058 16.317 0.005 4.87 321.0
2456075.65117 16.097 0.004 3.64 246.0
2456076.78894 16.012 0.004 4.40 297.0
2456078.63810 15.915 0.004 4.36 402.0
2456079.70732 15.873 0.004 4.27 322.0
2456080.75276 15.833 0.004 5.11 458.0
2456081.79311 15.813 0.004 4.43 607.0
2456085.56379 15.921 0.005 5.20 679.0
2456086.56044 15.987 0.004 5.51 318.0
2456087.61772 16.063 0.005 5.89 281.0
2456089.79521 16.184 0.005 5.04 337.0
2456093.65872 16.384 0.006 5.20 260.0
2456094.80502 16.437 0.006 5.31 369.0
2456097.66840 16.549 0.007 5.17 263.0
2456098.75232 16.575 0.007 5.42 304.0
2456100.68815 16.628 0.007 4.91 295.0
2456101.73127 16.645 0.006 4.32 297.0
2456102.76979 16.668 0.006 3.60 390.0
2456103.81853 16.684 0.007 5.63 329.0
2456104.85947 16.693 0.007 6.08 339.0
2456108.55922 16.741 0.008 4.27 770.0
2456113.53840 16.774 0.010 5.65 569.0
2456114.62500 16.793 0.009 5.86 453.0
2456115.66944 16.802 0.008 5.75 339.0
2456116.78672 16.772 0.008 4.81 352.0
2456118.47357 16.793 0.008 5.33 420.0
2456119.51044 16.832 0.009 6.40 269.0
2456120.63096 16.826 0.007 5.06 190.0
2456123.81099 16.824 0.007 4.74 323.0
2456125.57500 16.830 0.007 5.20 253.0
2456126.72370 16.860 0.008 5.48 255.0
2456128.76765 16.859 0.009 7.35 292.0
2456130.80138 16.831 0.010 6.95 761.0
2456133.56895 16.861 0.008 5.62 239.0
2456135.54971 16.878 0.010 6.35 374.0
2456140.57111 16.859 0.011 5.51 688.0
2456141.69759 16.861 0.010 5.06 613.0
2456147.58170 16.859 0.008 6.35 220.0
2456148.53749 16.859 0.007 4.63 224.0
2456150.68095 16.840 0.008 6.10 263.0
2456151.57081 16.870 0.009 5.99 266.0
2456153.69728 16.885 0.009 6.18 326.0
2456158.55485 16.879 0.009 6.11 308.0
2456160.58013 16.874 0.007 4.40 254.0
2456164.65720 16.880 0.011 6.26 482.0
2456167.55509 16.842 0.008 4.20 500.0
2456168.58129 16.874 0.007 3.31 543.0
2456169.56954 16.854 0.009 4.47 480.0
2456171.56424 16.860 0.009 5.00 526.0
2456172.56043 16.866 0.008 4.05 411.0
2456175.54799 16.872 0.009 5.61 360.0
2456180.60464 16.888 0.012 7.46 435.0
2456183.57107 16.854 0.007 3.70 311.0
2456185.55686 16.835 0.007 3.99 279.0
2456186.55333 16.839 0.008 5.43 280.0
2456195.52183 16.854 0.008 4.45 430.0
2456197.48627 16.909 0.012 6.28 535.0
2456201.51659 16.845 0.013 7.70 451.0
2456205.49304 16.862 0.008 4.75 408.0
2456209.55511 16.870 0.011 6.63 412.0
2456212.52108 16.865 0.008 4.42 449.0
2456216.53024 16.851 0.008 4.77 411.0
2456221.53798 16.830 0.014 6.55 979.0
2456226.51910 16.901 0.014 6.82 726.0